1451606400,11313534953
1451606400,12460277324
1451606400,8174285381
1451606401,8157518522
1451606401,8464317339
1451606402,6946331253
1451606403,6794018492
1451606403,6795371912
1451606403,7828927728
1451606403,8010180698
1451606403,8023713263
1451606403,8232836107
1451606404,10977155266
1451606404,11180583568
1451606404,11410963214
1451606404,6735222060
1451606404,6769257356
1451606404,6921455969
1451606404,6932953975
1451606405,8066612328
1451606405,8288329561
1451606406,6905860537
1451606406,6989585249
1451606406,7006751218
1451606406,8291185761
1451606406,8529440156
1451606407,7992349422
1451606408,6708858298
1451606408,6946331253
1451606408,8215478811
1451606409,10988757539
1451606409,11475658530
1451606410,11146459820
1451606410,11405739244
1451606410,7470660522
1451606411,8399653728
1451606412,11118467181
1451606412,8067332032
1451606412,8290351386
1451606412,8464317339
1451606413,8023713263
1451606413,8103385264
1451606414,11365622318
1451606414,6946331253
1451606414,8529440156
1451606415,10922483984
1451606415,11180583568
1451606415,8215478811
1451606416,11326337316
1451606416,6769257356
1451606416,8040674818
1451606416,8389043034
1451606417,10988757539
1451606418,11313534953
1451606418,6863606100
1451606418,6907712339
1451606418,6989585249
1451606420,11188826469
1451606420,6946331253
1451606420,8290351386
1451606421,6678808850
1451606421,6703874241
1451606421,8215478811
1451606421,8331605136
1451606421,8464317339
1451606422,8040674818
1451606422,8529440156
1451606423,10977155266
1451606424,6989585249
1451606425,6912998535
1451606425,7470660522
1451606425,8066612328
1451606426,12834579154
1451606426,6946331253
1451606427,11020614041
1451606427,11180583568
1451606427,6769257356
1451606427,8023713263
1451606427,8174285381
1451606427,8203822897
1451606428,7828927728
1451606428,8232836107
1451606428,8290351386
1451606429,10812548489
1451606429,6882965881
1451606429,6921455969
1451606429,8138969640
1451606429,8456025213
1451606430,8215478811
1451606430,8288022043
1451606430,8339422303
1451606430,8529440156
1451606431,10988757539
1451606431,11475658530
1451606432,8482310084
1451606433,8464317339
1451606434,11326337316
1451606435,10977155266
1451606435,11522818044
1451606435,6882965881
1451606435,6907712339
1451606435,6932953975
1451606435,7886334721
1451606435,8063954855
1451606435,8290351386
1451606435,8331605136
1451606435,8583605283
1451606436,11118467181
1451606438,10988757539
1451606438,11405739244
1451606439,11178389250
1451606439,11180583568
1451606439,6946331253
1451606439,8215478811
1451606440,6769257356
1451606440,6946331253
1451606440,8288022043
1451606440,8529440156
1451606442,8103385264
1451606442,8464317339
1451606445,11188826469
1451606446,10988757539
1451606446,8529440156
1451606447,6989585249
1451606447,8215478811
1451606448,11405739244
1451606448,6921455969
1451606448,7006751218
1451606448,8290351386
1451606449,11020614041
1451606449,11118467181
1451606449,6703874241
1451606449,8040674818
1451606449,8203822897
1451606450,10982028421
1451606450,11180583568
1451606450,7828927728
1451606450,8288022043
1451606451,8464317339
1451606452,6795371912
1451606453,10977155266
1451606453,8023713263
1451606454,6932953975
1451606454,8215478811
1451606455,10988757539
1451606455,6834646806
1451606455,6946331253
1451606455,8291185761
1451606455,8339422303
1451606456,11326337316
1451606456,8040674818
1451606456,8488166962
1451606457,11118467181
1451606457,8067332032
1451606458,8288022043
1451606458,8494316240
1451606459,11180583568
1451606459,12460277324
1451606459,6912998535
1451606459,8464317339
1451606461,11530435227
1451606462,10977155266
1451606462,6962112984
1451606462,6969498891
1451606462,7470660522
1451606462,8215478811
1451606462,8290351386
1451606462,8482310084
1451606463,12678333237
1451606464,10988757539
1451606464,11405739244
1451606464,12769746331
1451606464,6769257356
1451606464,6969498891
1451606464,8010180698
1451606464,8138969640
1451606464,8288022043
1451606465,6907712339
1451606466,10982028421
1451606466,8366591539
1451606466,8464317339
1451606467,11188826469
1451606467,11475658530
1451606467,8103385264
1451606467,8494316240
1451606468,6795371912
1451606469,8331605136
1451606470,10988757539
1451606470,6852748517
1451606471,11180583568
1451606471,11530435227
1451606471,8215478811
1451606471,8288022043
1451606473,6795371912
1451606473,6921455969
1451606473,8232836107
1451606473,8583605283
1451606474,11405739244
1451606474,6946331253
1451606474,8425521456
1451606475,11178389250
1451606476,10977155266
1451606476,12460277324
1451606476,6946331253
1451606477,6829806740
1451606477,6852748517
1451606477,7470660522
1451606477,8215478811
1451606479,8389043034
1451606480,8103385264
1451606481,11530435227
1451606481,6946331253
1451606481,8288022043
1451606482,11118467181
1451606482,8023713263
1451606483,10988757539
1451606483,11180583568
1451606483,11326337316
1451606483,8010180698
1451606484,8288329561
1451606484,8463317106
1451606485,10982028421
1451606485,8215478811
1451606486,8470945084
1451606487,11026751249
1451606487,6795371912
1451606487,6946331253
1451606487,8290351386
1451606488,6852748517
1451606488,8288022043
1451606489,6905860537
1451606489,8331605136
1451606490,10988757539
1451606490,11530435227
1451606490,12440773467
1451606490,6794018492
1451606490,6921455969
1451606490,8272594087
1451606491,11410963214
1451606491,8174285381
1451606492,11405739244
1451606492,11475658530
1451606494,11180583568
1451606494,6703874241
1451606494,6946331253
1451606494,8067332032
1451606494,8215478811
1451606494,8283329223
1451606496,12460277324
1451606496,8103385264
1451606497,6946331253
1451606497,8382379506
1451606498,10918696394
1451606498,6795371912
1451606498,6852748517
1451606498,7470660522
1451606498,8339422303
1451606499,10988757539
1451606499,8438876644
1451606500,11326337316
1451606500,11530435227
1451606500,8288022043
1451606500,8494316240
1451606500,8583605283
1451606501,8040674818
1451606502,11180583568
1451606502,8215478811
1451606503,11020614041
1451606503,7886334721
1451606503,8425521456
1451606504,10988757539
1451606504,6905860537
1451606504,8023713263
1451606505,6946331253
1451606505,8018319955
1451606505,8488166962
1451606505,8589506803
1451606506,6852748517
1451606507,6708858298
1451606508,8040674818
1451606508,8215478811
1451606508,8288022043
1451606509,8216983150
1451606510,11479927887
1451606510,6795371912
1451606510,6863606100
1451606510,8103385264
1451606511,6470742243
1451606512,11530435227
1451606512,12460277324
1451606513,11180583568
1451606513,8174285381
1451606514,8288022043
1451606514,8388688832
1451606515,10988757539
1451606515,6946331253
1451606515,8215478811
1451606515,8331605136
1451606515,8456025213
1451606516,11128715599
1451606516,6967021370
1451606517,11178389250
1451606517,11326337316
1451606517,6852748517
1451606517,6905860537
1451606517,6912998535
1451606517,8040674818
1451606518,10982028421
1451606518,8216983150
1451606519,6683784826
1451606519,8023713263
1451606519,8067332032
1451606520,6834646806
1451606520,6946331253
1451606520,8288022043
1451606521,10988757539
1451606521,6882965881
1451606521,8215478811
1451606521,8388688832
1451606522,11410963214
1451606522,11530435227
1451606522,6829806740
1451606522,8040674818
1451606522,8464317339
1451606523,6470742243
1451606523,6946331253
1451606523,8010180698
1451606523,8103385264
1451606523,8470945084
1451606524,11025991422
1451606524,11180583568
1451606525,10812548489
1451606525,11494098078
1451606525,6683784826
1451606525,6905860537
1451606525,7470660522
1451606525,8040674818
1451606525,8438876644
1451606526,8216983150
1451606527,7838910827
1451606527,8290351386
1451606527,8388688832
1451606528,11530435227
1451606529,6852748517
1451606529,8203822897
1451606530,11128715599
1451606531,10988757539
1451606531,6703874241
1451606531,8331605136
1451606532,12460277324
1451606532,8216983150
1451606532,8456025213
1451606533,8040674818
1451606533,8215478811
1451606533,8388688832
1451606534,6912998535
1451606534,7848243115
1451606535,11180583568
1451606535,11479927887
1451606535,6946331253
1451606535,8157800603
1451606535,8288022043
1451606536,11020614041
1451606536,11530435227
1451606536,7886334721
1451606536,8151995115
1451606537,6921455969
1451606537,7470660522
1451606537,8066612328
1451606537,8103385264
1451606537,8425521456
1451606538,10982028421
1451606538,10988757539
1451606538,6708858298
1451606538,6905860537
1451606538,6967021370
1451606538,7006751218
1451606538,8067332032
1451606539,11405739244
1451606539,6882965881
1451606539,8232836107
1451606540,11165871832
1451606540,11410963214
1451606540,7848243115
1451606540,8262070797
1451606540,8339422303
1451606540,8364641404
1451606541,10977155266
1451606541,11457782594
1451606541,8366591539
1451606542,11020614041
1451606542,8216983150
1451606543,11128715599
1451606543,11188826469
1451606543,11530435227
1451606543,6795371912
1451606543,6969498891
1451606543,8040674818
1451606543,8215478811
1451606543,8288022043
1451606543,8482310084
1451606544,6683784826
1451606544,8388688832
1451606545,11180583568
1451606545,6946331253
1451606547,10988757539
1451606547,11020614041
1451606547,12460277324
1451606547,6945538925
1451606547,8366591539
1451606548,11364739594
1451606548,6905860537
1451606548,8151995115
1451606550,11364739594
1451606550,6829806740
1451606550,6946331253
1451606550,8331605136
1451606550,8388688832
1451606551,11020614041
1451606551,11326337316
1451606551,8010180698
1451606551,8040674818
1451606551,8157800603
1451606551,8496472299
1451606551,8583605283
1451606552,10922483984
1451606552,11494098078
1451606552,11530435227
1451606552,8066612328
1451606552,8382379506
1451606553,10982028421
1451606553,6470742243
1451606553,6769257356
1451606553,6852748517
1451606553,8103385264
1451606554,10988757539
1451606554,11025991422
1451606554,6794018492
1451606554,6946331253
1451606554,7470660522
1451606557,6905860537
1451606557,7838910827
1451606557,8215478811
1451606558,8040674818
1451606558,8456025213
1451606559,11128715599
1451606559,8203822897
1451606559,8388688832
1451606560,11457782594
1451606560,11530435227
1451606560,6683784826
1451606560,7848243115
1451606560,8157800603
1451606560,8436126015
1451606560,8496472299
1451606561,11165871832
1451606561,11188826469
1451606561,7886334721
1451606561,8425521456
1451606561,8494316240
1451606563,11146459820
1451606563,6715209734
1451606563,6795371912
1451606563,6932953975
1451606563,8151995115
1451606563,8232836107
1451606563,8288022043
1451606564,11405739244
1451606564,6946331253
1451606564,8157800603
1451606564,8388688832
1451606564,8464317339
1451606565,11180583568
1451606565,6715209734
1451606565,8456025213
1451606565,8470945084
1451606566,6715209734
1451606566,7848243115
1451606567,12460277324
1451606568,10982028421
1451606568,6470742243
1451606568,6795371912
1451606568,6829806740
1451606568,8438876644
1451606569,11530435227
1451606569,6882965881
1451606569,8215478811
1451606570,11128715599
1451606570,8288022043
1451606571,11410963214
1451606571,6794018492
1451606572,8331605136
1451606572,8456025213
1451606572,8488166962
1451606573,6678808850
1451606573,6828001339
1451606573,8103385264
1451606574,6863606100
1451606574,7848243115
1451606575,11530435227
1451606575,12754770493
1451606575,6852748517
1451606575,6969498891
1451606575,8010180698
1451606575,8494316240
1451606576,10977155266
1451606576,11165871832
1451606576,6905860537
1451606576,8157800603
1451606578,11178389250
1451606578,8288022043
1451606578,8399653728
1451606579,7470660522
1451606579,8067332032
1451606580,6703874241
1451606580,6932953975
1451606580,8215478811
1451606580,8388688832
1451606580,8589506803
1451606581,11457782594
1451606581,6852748517
1451606581,8040674818
1451606582,11530435227
1451606582,7986781589
1451606582,8232836107
1451606582,8262070797
1451606582,8389043034
1451606583,10982028421
1451606584,11405739244
1451606584,8456025213
1451606585,6921455969
1451606585,8151995115
1451606585,8288022043
1451606586,12460277324
1451606586,6470742243
1451606586,6945538925
1451606586,8103385264
1451606587,10977155266
1451606587,11530435227
1451606588,11326337316
1451606588,6823699439
1451606588,6969498891
1451606589,8063954855
1451606589,8388688832
1451606589,8496472299
1451606590,11128715599
1451606590,8157800603
1451606590,8215478811
1451606590,8272594087
1451606590,8464317339
1451606591,11410963214
1451606591,6905860537
1451606591,7925434278
1451606592,11180583568
1451606592,8288022043
1451606593,7848243115
1451606594,11530435227
1451606594,8010180698
1451606595,8496472299
1451606596,10982028421
1451606597,11405739244
1451606597,6708858298
1451606597,6852748517
1451606597,6969527685
1451606597,8157800603
1451606597,8232836107
1451606598,11118467181
1451606598,11165871832
1451606598,6834646806
1451606598,8388688832
1451606599,6912998535
1451606599,8215478811
1451606599,8288022043
1451606600,10977155266
1451606600,11128715599
1451606600,6882965881
1451606600,7986781589
1451606600,8067332032
1451606601,11188826469
1451606601,11530435227
1451606601,7470660522
1451606601,8573586614
1451606602,6795371912
1451606602,7986781589
1451606602,8151995115
1451606603,7848243115
1451606603,8174285381
1451606604,6470742243
1451606604,6852748517
1451606604,6905860537
1451606604,6962112984
1451606604,7925434278
1451606604,8103385264
1451606605,8288022043
1451606606,10922483984
1451606606,6932953975
1451606606,8040674818
1451606606,8388688832
1451606607,11405739244
1451606608,8366591539
1451606609,10797126798
1451606609,11530435227
1451606609,12440773467
1451606609,6877561883
1451606609,8215478811
1451606609,8534688748
1451606610,10982028421
1451606610,11128715599
1451606610,12460277324
1451606610,6921455969
1451606610,8291185761
1451606611,6967021370
1451606611,8066612328
1451606611,8232836107
1451606611,8288022043
1451606612,11364739594
1451606612,11457782594
1451606612,6794018492
1451606612,8382379506
1451606613,6947552794
1451606613,8023713263
1451606613,8482310084
1451606614,6852748517
1451606614,6905860537
1451606614,8456025213
1451606614,8470945084
1451606615,10982009472
1451606615,11530435227
1451606616,8488166962
1451606617,6795371912
1451606617,7470660522
1451606617,8103385264
1451606617,8288022043
1451606617,8388688832
1451606618,11494098078
1451606618,8010180698
1451606619,6470742243
1451606619,6932953975
1451606619,6945538925
1451606619,8023713263
1451606619,8157800603
1451606619,8215478811
1451606619,8365416112
1451606619,8565302065
1451606620,6769257356
1451606620,8151995115
1451606620,8262070797
1451606621,6905860537
1451606622,11405739244
1451606622,11530435227
1451606622,6868063287
1451606623,6852748517
1451606623,8220986965
1451606623,8388688832
1451606623,8456025213
1451606624,10977155266
1451606624,11128715599
1451606624,11410963214
1451606624,8288022043
1451606624,8366591539
1451606625,11479927887
1451606626,7992349422
1451606626,8157800603
1451606626,8388688832
1451606627,11457782594
1451606627,7848243115
1451606627,8232836107
1451606628,11188826469
1451606628,11530435227
1451606628,8365416112
1451606629,10982028421
1451606629,6846783893
1451606629,8565302065
1451606630,8215478811
1451606631,6921455969
1451606632,11530435227
1451606632,6769257356
1451606632,6794018492
1451606632,6947552794
1451606632,7848243115
1451606632,8103385264
1451606632,8157800603
1451606632,8288022043
1451606633,7470660522
1451606633,8174285381
1451606633,8456025213
1451606634,11128715599
1451606634,6470742243
1451606634,6882965881
1451606634,8151995115
1451606635,8388688832
1451606636,12460277324
1451606636,6852748517
1451606636,8425521456
1451606637,11530435227
1451606637,8290351386
1451606638,6905860537
1451606638,7848243115
1451606640,11410963214
1451606640,12700800181
1451606640,8288022043
1451606640,8290351386
1451606641,8203822897
1451606642,10797126798
1451606642,6769257356
1451606642,8388688832
1451606643,11118467181
1451606643,11457782594
1451606643,6795371912
1451606643,6932953975
1451606643,8291185761
1451606644,11530435227
1451606644,6852748517
1451606645,6467830990
1451606645,7848243115
1451606645,8157800603
1451606645,8232836107
1451606646,11128715599
1451606646,11180583568
1451606646,6882965881
1451606646,8482310084
1451606647,6470742243
1451606647,6868063287
1451606647,8103385264
1451606647,8151995115
1451606648,8272594087
1451606648,8388688832
1451606648,8389043034
1451606648,8565302065
1451606649,10922483984
1451606649,11188826469
1451606649,12700800181
1451606649,6683784826
1451606649,8067332032
1451606649,8583605283
1451606650,11405739244
1451606650,11534600733
1451606651,11530435227
1451606651,6905860537
1451606652,11479927887
1451606652,6795371912
1451606652,6834646806
1451606652,7848243115
1451606652,8157800603
1451606652,8220986965
1451606652,8548998366
1451606653,6835757684
1451606653,8388688832
1451606654,11457782594
1451606654,6769257356
1451606655,6852748517
1451606655,8470945084
1451606656,11530435227
1451606656,6934847856
1451606656,6945538925
1451606656,8305902086
1451606656,8425521456
1451606657,12460277324
1451606657,7848243115
1451606658,10982009472
1451606658,6947552794
1451606659,11405739244
1451606659,6905860537
1451606659,8232836107
1451606659,8388688832
1451606660,6795371912
1451606660,6835757684
1451606660,6852748517
1451606660,6932953975
1451606660,6967610616
1451606661,11118467181
1451606661,6794018492
1451606661,8464317339
1451606662,7992349422
1451606662,8010180698
1451606662,8151995115
1451606663,11188826469
1451606663,6678808850
1451606663,8103385264
1451606664,10797126798
1451606664,11530435227
1451606664,6829806740
1451606664,8262070797
1451606665,7848243115
1451606665,8388688832
1451606666,10812548489
1451606667,11534600733
1451606668,6470742243
1451606668,6750903097
1451606668,6962112984
1451606669,6795371912
1451606669,6921455969
1451606669,8388688832
1451606669,8464317339
1451606670,6852748517
1451606670,6934847856
1451606671,11128715599
1451606671,6769257356
1451606672,8023713263
1451606673,11405739244
1451606673,12700800181
1451606673,7848243115
1451606674,11457782594
1451606674,6882965881
1451606674,8464317339
1451606675,10982009472
1451606675,11530435227
1451606675,6852748517
1451606675,8232836107
1451606676,10828734059
1451606676,11180583568
1451606676,6863606100
1451606676,6945538925
1451606676,8151995115
1451606678,6905860537
1451606679,10797126798
1451606679,8103385264
1451606679,8488166962
1451606679,8548998366
1451606680,12440773467
1451606680,7848243115
1451606680,8290351386
1451606681,6912998535
1451606682,6467830990
1451606682,6932953975
1451606682,8174285381
1451606683,11405739244
1451606683,8010180698
1451606684,10797126798
1451606684,11128715599
1451606684,11530435227
1451606684,8482310084
1451606685,7848243115
1451606686,6835757684
1451606686,8305902086
1451606686,8565302065
1451606687,6905860537
1451606687,8232836107
1451606688,11188826469
1451606688,6852748517
1451606688,7912417704
1451606688,8023713263
1451606689,6921455969
1451606689,8463317106
1451606690,6882965881
1451606691,6683784826
1451606692,6470742243
1451606692,6947552794
1451606692,7848243115
1451606693,11020614041
1451606693,6794018492
1451606693,7837283127
1451606694,11180583568
1451606694,11457782594
1451606694,8023713263
1451606695,6852748517
1451606695,6905860537
1451606696,12440773467
1451606696,6829806740
1451606696,8589506803
1451606697,6912998535
1451606697,6967610616
1451606697,8151995115
1451606697,8494316240
1451606698,11128715599
1451606698,11165871832
1451606698,11405739244
1451606698,12864886383
1451606698,8232836107
1451606699,8389043034
1451606700,11118467181
1451606700,6934847856
1451606700,8456025213
1451606702,7912417704
1451606702,8262070797
1451606703,6683784826
1451606703,6905860537
1451606703,8220986965
1451606704,8470945084
1451606705,6852748517
1451606705,8534688748
1451606706,6794018492
1451606706,6905860537
1451606706,6932953975
1451606706,6945538925
1451606706,8583605283
1451606707,7848243115
1451606707,8157800603
1451606708,10797126798
1451606708,12700800181
1451606708,6846783893
1451606708,8305902086
1451606708,8388688832
1451606710,11188826469
1451606710,6882965881
1451606710,6957412744
1451606711,8157800603
1451606712,6834646806
1451606712,7848243115
1451606713,10977155266
1451606713,8103385264
1451606713,8151995115
1451606714,11128715599
1451606714,11457782594
1451606715,6470742243
1451606715,6905860537
1451606715,7912417704
1451606715,8456025213
1451606716,11180583568
1451606717,6852748517
1451606718,10797126798
1451606718,11178389250
1451606718,6683784826
1451606718,8232836107
1451606719,11165871832
1451606719,11534600733
1451606719,6921455969
1451606719,8548998366
1451606720,11405739244
1451606720,7837283127
1451606721,11364739594
1451606721,7848243115
1451606721,8203822897
1451606722,11409619739
1451606722,11479927887
1451606722,6934847856
1451606723,6912998535
1451606723,8256975126
1451606724,11046754602
1451606724,6829806740
1451606724,6945538925
1451606724,6957412744
1451606724,8482310084
1451606724,8488166962
1451606725,10922483984
1451606726,11046754602
1451606726,11061669375
1451606726,6678808850
1451606726,8589506803
1451606727,6882965881
1451606727,7848243115
1451606728,6470742243
1451606728,8151995115
1451606728,8463317106
1451606729,11405739244
1451606729,6462340934
1451606730,10977155266
1451606730,10982028421
1451606730,8272594087
1451606730,8365416112
1451606731,11180583568
1451606731,6467830990
1451606731,6967610616
1451606732,10797126798
1451606732,10797126798
1451606732,6905860537
1451606733,6852748517
1451606733,6863606100
1451606734,11457782594
1451606734,8589506803
1451606735,11534600733
1451606735,12864886383
1451606735,6957412744
1451606736,8366591539
1451606737,7848243115
1451606737,7992349422
1451606738,8583605283
1451606739,6932953975
1451606739,8256975126
1451606739,8389043034
1451606740,11020614041
1451606740,12864886383
1451606740,6829806740
1451606741,6957412744
1451606741,8291185761
1451606742,11405739244
1451606742,8151995115
1451606743,6852748517
1451606743,7470660522
1451606743,7848243115
1451606743,8157800603
1451606744,11494098078
1451606744,6921455969
1451606744,8548998366
1451606745,6769257356
1451606746,10982028421
1451606746,11188826469
1451606746,11494098078
1451606747,6823699439
1451606747,6934847856
1451606747,6945538925
1451606747,8365416112
1451606747,8464317339
1451606748,10797126798
1451606748,10977155266
1451606748,6905860537
1451606748,8023713263
1451606749,6882965881
1451606749,8290351386
1451606750,6470742243
1451606750,6925536391
1451606750,8157800603
1451606751,11405739244
1451606751,6467830990
1451606751,7848243115
1451606752,11123681796
1451606752,11313534953
1451606752,11457782594
1451606753,10982009472
1451606753,8482310084
1451606753,8534688748
1451606754,6538664897
1451606754,6932953975
1451606754,6957412744
1451606754,8157800603
1451606754,8388688832
1451606755,6962112984
1451606755,8401422627
1451606756,11020614041
1451606756,11479927887
1451606756,12460277324
1451606756,6683784826
1451606757,6905860537
1451606757,7848243115
1451606757,8151995115
1451606758,11123681796
1451606758,6462340934
1451606758,6794018492
1451606759,11125875437
1451606759,11128715599
1451606760,6834646806
1451606760,8366591539
1451606760,8388688832
1451606761,8365416112
1451606762,8256975126
1451606763,7992349422
1451606764,6828001339
1451606764,8023713263
1451606765,11178389250
1451606765,12600931623
1451606765,6467830990
1451606765,6678808850
1451606765,8399653728
1451606766,6794018492
1451606766,8548998366
1451606767,11457782594
1451606767,6769257356
1451606768,12440773467
1451606768,12600931623
1451606768,6945538925
1451606768,7470660522
1451606768,8388688832
1451606769,11067831491
1451606769,6957412744
1451606769,8425521456
1451606770,12600931623
1451606771,6925536391
1451606771,8365416112
1451606772,10982028421
1451606772,11534600733
1451606772,8157800603
1451606772,8272594087
1451606773,10977155266
1451606773,6470742243
1451606773,8023713263
1451606773,8174285381
1451606774,6823699439
1451606774,8388688832
1451606775,6905860537
1451606775,6921455969
1451606775,8464317339
1451606776,10797126798
1451606776,12460277324
1451606776,8382379506
1451606777,11417264585
1451606777,12864886383
1451606777,6934847856
1451606777,8151995115
1451606778,10812548489
1451606778,11405739244
1451606778,6769257356
1451606778,8291185761
1451606778,8565302065
1451606779,11178389250
1451606779,6957412744
1451606780,8388688832
1451606780,8464317339
1451606782,11123681796
1451606782,11417264585
1451606782,8401422627
1451606783,11364739594
1451606783,8157800603
1451606783,8399653728
1451606783,8548998366
1451606784,8464317339
1451606784,8583605283
1451606785,10797126798
1451606785,6852748517
1451606785,6882965881
1451606785,8232836107
1451606786,10982028421
1451606786,11534600733
1451606786,7470660522
1451606787,10838014329
1451606787,10977155266
1451606787,6823699439
1451606787,6945538925
1451606787,6964537041
1451606788,11029931969
1451606788,11180583568
1451606788,6683784826
1451606788,8388688832
1451606788,8425521456
1451606789,11123681796
1451606789,6905860537
1451606789,6932953975
1451606790,10838014329
1451606790,8262070797
1451606791,11405739244
1451606791,11417264585
1451606791,11534600733
1451606791,7848243115
1451606791,8151995115
1451606792,10797126798
1451606792,6470742243
1451606792,6794018492
1451606792,6934847856
1451606792,6957412744
1451606792,6973633101
1451606792,8488166962
1451606793,6912998535
1451606793,8067332032
1451606793,8157800603
1451606794,11417264585
1451606795,12460277324
1451606795,6925536391
1451606796,6921455969
1451606796,6964537041
1451606796,7848243115
1451606797,6905860537
1451606797,8157800603
1451606798,8023713263
1451606798,8388688832
1451606799,10982028421
1451606799,11020614041
1451606800,6932953975
1451606801,11479927887
1451606801,8401422627
1451606802,10797126798
1451606802,11123681796
1451606802,12864886383
1451606802,8157800603
1451606802,8482310084
1451606803,7848243115
1451606804,6957412744
1451606804,8565302065
1451606805,7470660522
1451606806,6829806740
1451606806,8151995115
1451606807,11123681796
1451606807,6947552794
1451606807,8388688832
1451606808,10982028421
1451606808,6470742243
1451606808,6945538925
1451606808,8331605136
1451606808,8382379506
1451606808,8548998366
1451606809,8464317339
1451606810,11165871832
1451606810,11534600733
1451606810,7848243115
1451606810,8203822897
1451606811,6924573580
1451606811,8399653728
1451606812,10838014329
1451606812,6858171024
1451606812,6905860537
1451606813,10797126798
1451606813,11417264585
1451606813,6823699439
1451606813,6925536391
1451606814,6846783893
1451606814,8366591539
1451606814,8489066789
1451606815,11405739244
1451606815,6462340934
1451606815,6678808850
1451606815,8157800603
1451606815,8489066789
1451606816,8272594087
1451606816,8464317339
1451606816,8489066789
1451606817,6924573580
1451606818,11417264585
1451606818,11440145051
1451606818,12460277324
1451606818,6858171024
1451606818,6957412744
1451606818,8365416112
1451606818,8401422627
1451606819,6467830990
1451606820,6934847856
1451606820,8194966925
1451606821,8174285381
1451606821,8443652473
1451606821,8464317339
1451606822,11123681796
1451606822,6470742243
1451606822,8425521456
1451606823,10797126798
1451606823,11029931969
1451606823,11417264585
1451606823,12440773467
1451606823,6921455969
1451606823,6932953975
1451606823,7925434278
1451606823,8488166962
1451606824,10797126798
1451606824,6945538925
1451606824,8151995115
1451606825,11534600733
1451606825,12864886383
1451606825,7470660522
1451606825,8464317339
1451606825,8589506803
1451606826,11405739244
1451606826,8388688832
1451606827,11364739594
1451606827,6882965881
1451606827,6957412744
1451606827,8067332032
1451606827,8548998366
1451606829,10838014329
1451606829,11457782594
1451606830,11123681796
1451606830,11358302984
1451606830,6683784826
1451606830,6829806740
1451606830,6925536391
1451606830,8262070797
1451606831,11358302984
1451606831,6834646806
1451606831,6905860537
1451606832,11358302984
1451606832,6924573580
1451606832,8194966925
1451606833,10982028421
1451606833,12440773467
1451606833,8489066789
1451606835,11534600733
1451606835,8365416112
1451606836,6467830990
1451606836,8331605136
1451606837,11417264585
1451606837,6973633101
1451606837,8565302065
1451606838,10838014329
1451606838,11405739244
1451606838,6858171024
1451606839,11417264585
1451606839,6957412744
1451606839,8291185761
1451606840,10838014329
1451606840,6470742243
1451606840,6905860537
1451606840,8288329561
1451606841,12460277324
1451606841,6964537041
1451606841,8272594087
1451606842,10797126798
1451606842,11123681796
1451606842,11479927887
1451606842,6934847856
1451606842,7470660522
1451606842,8151995115
1451606842,8589506803
1451606844,6852748517
1451606844,8232836107
1451606845,6462340934
1451606845,6863606100
1451606845,8067332032
1451606846,12440773467
1451606846,6882965881
1451606847,8157800603
1451606847,8256975126
1451606848,6957412744
1451606848,8203822897
1451606848,8489066789
1451606849,6924573580
1451606849,6969498891
1451606850,11534600733
1451606850,12864886383
1451606850,6823699439
1451606850,6945538925
1451606851,11457782594
1451606851,6925536391
1451606852,6467830990
1451606852,6969498891
1451606852,8482310084
1451606853,10838014329
1451606853,11123681796
1451606853,11478344312
1451606853,12752780047
1451606853,8401422627
1451606853,8443652473
1451606853,8548998366
1451606854,11061669375
1451606854,6852748517
1451606855,11029931969
1451606855,8157800603
1451606856,11364739594
1451606856,12460277324
1451606856,6470742243
1451606856,6885374477
1451606856,6890834014
1451606856,6964537041
1451606857,6934847856
1451606857,7470660522
1451606857,7857489538
1451606857,8463317106
1451606857,8565302065
1451606858,6905860537
1451606858,7857489538
1451606858,8382379506
1451606859,6829806740
1451606859,7969648454
1451606859,8157800603
1451606859,8256975126
1451606860,11534600733
1451606860,6957412744
1451606860,7857489538
1451606860,8589506803
1451606861,8151995115
1451606862,11128715599
1451606862,8157800603
1451606862,8384105858
1451606863,6846783893
1451606863,6969498891
1451606864,11165871832
1451606864,6924573580
1451606865,11457782594
1451606865,6905860537
1451606865,8194966925
1451606866,11123681796
1451606866,8399653728
1451606867,11405739244
1451606867,6934117946
1451606867,8067332032
1451606867,8384105858
1451606868,6470742243
1451606868,6957412744
1451606868,8157800603
1451606869,11494098078
1451606869,12683653956
1451606869,6828001339
1451606869,6925536391
1451606870,11479927887
1451606871,11534600733
1451606871,6882965881
1451606871,8157800603
1451606871,8262070797
1451606871,8272594087
1451606872,11118467181
1451606873,11083856901
1451606873,8151995115
1451606873,8548998366
1451606874,11020915688
1451606874,11123681796
1451606874,6945538925
1451606874,8203822897
1451606875,11020915688
1451606875,11165871832
1451606875,6846783893
1451606875,7470660522
1451606876,6467830990
1451606876,8463317106
1451606876,8589506803
1451606877,8234113193
1451606877,8365416112
1451606878,11020915688
1451606878,8583605283
1451606879,11472697509
1451606879,12864886383
1451606879,6905860537
1451606879,6947552794
1451606880,6957412744
1451606880,8388688832
1451606881,7925434278
1451606881,8384105858
1451606881,8565302065
1451606882,11405739244
1451606882,11457782594
1451606882,11494098078
1451606883,6470742243
1451606883,8420182570
1451606884,11265012440
1451606884,11534600733
1451606884,6884643535
1451606885,10852787870
1451606885,8157800603
1451606886,8067332032
1451606887,10797126798
1451606887,6882965881
1451606887,8339422303
1451606888,11146459820
1451606888,6957412744
1451606888,8151995115
1451606888,8234113193
1451606888,8589506803
1451606890,6925536391
1451606890,6934847856
1451606890,7925434278
1451606890,8157800603
1451606890,8464317339
1451606891,11405739244
1451606891,7470660522
1451606892,10977155266
1451606892,8256975126
1451606892,8272594087
1451606892,8365416112
1451606892,8384105858
1451606892,8388688832
1451606893,11123681796
1451606893,12752780047
1451606893,7953441685
1451606893,7969648454
1451606893,7992349422
1451606893,8157800603
1451606893,8443652473
1451606895,6964537041
1451606896,10982009472
1451606896,11457782594
1451606896,6470742243
1451606896,6829806740
1451606896,8382379506
1451606896,8470945084
1451606897,11123681796
1451606897,12600931623
1451606897,8401422627
1451606898,11479927887
1451606898,6846783893
1451606898,6947552794
1451606898,8402611144
1451606898,8548998366
1451606899,6957412744
1451606899,8234113193
1451606900,6828001339
1451606900,7953441685
1451606901,6882965881
1451606901,8420182570
1451606902,11118467181
1451606902,8388688832
1451606902,8425521456
1451606903,11061669375
1451606903,6934117946
1451606904,10797126798
1451606904,6905860537
1451606904,8589506803
1451606905,10982028421
1451606905,11165871832
1451606905,11405739244
1451606905,12683653956
1451606905,6834646806
1451606906,10977155266
1451606906,8151995115
1451606906,8262070797
1451606906,8290351386
1451606906,8399653728
1451606907,11123681796
1451606907,6957412744
1451606907,8194966925
1451606908,11534600733
1451606908,12864886383
1451606908,7470660522
1451606909,10797126798
1451606909,6964537041
1451606910,6470742243
1451606910,6905860537
1451606911,8388688832
1451606912,11180583568
1451606912,11494098078
1451606912,6945538925
1451606912,8448645387
1451606912,8583605283
1451606913,11123681796
1451606913,6921455969
1451606913,8256975126
1451606913,8565302065
1451606914,6962112984
1451606914,8067332032
1451606915,12440773467
1451606916,11067831491
1451606916,6957412744
1451606916,7992349422
1451606916,8157800603
1451606916,8290351386
1451606916,8436126015
1451606916,8548998366
1451606917,6467830990
1451606917,6934847856
1451606917,7925434278
1451606917,7953441685
1451606918,6925536391
1451606918,8470945084
1451606918,8589506803
1451606919,10797126798
1451606919,11364739594
1451606919,11479927887
1451606919,12752780047
1451606919,6947533518
1451606919,8388688832
1451606920,8157800603
1451606921,10977155266
1451606921,11457782594
1451606921,11494098078
1451606922,6829806740
1451606922,6905860537
1451606922,8232836107
1451606922,8291185761
1451606923,6470742243
1451606923,7470660522
1451606923,8234113193
1451606923,8420182570
1451606924,11313534953
1451606924,12440773467
1451606925,6957412744
1451606926,11123681796
1451606926,8399653728
1451606927,6934117946
1451606927,8388688832
1451606927,8401422627
1451606928,10797126798
1451606928,11534600733
1451606928,12440773467
1451606929,12440773467
1451606929,12683653956
1451606929,8157800603
1451606929,8170696471
1451606929,8470945084
1451606930,11118467181
1451606930,7953441685
1451606930,8272594087
1451606930,8365416112
1451606931,10838014329
1451606931,11123681796
1451606931,6905860537
1451606932,11405739244
1451606932,6917018914
1451606932,6934847856
1451606933,6828001339
1451606933,6882965881
1451606933,8589506803
1451606934,6773174085
1451606934,6925536391
1451606934,8067332032
1451606934,8157800603
1451606934,8388688832
1451606936,10977155266
1451606936,11165871832
1451606936,6773174085
1451606936,6957412744
1451606937,11118467181
1451606937,11146459820
1451606937,6773174085
1451606937,6905860537
1451606937,8232836107
1451606937,8583605283
1451606938,10982009472
1451606938,8382379506
1451606938,8565302065
1451606940,10982028421
1451606940,6708858298
1451606941,10797126798
1451606941,7925434278
1451606941,8388688832
1451606941,8482310084
1451606941,8488166962
1451606941,8548998366
1451606942,11123681796
1451606942,8262070797
1451606943,10797126798
1451606943,11457782594
1451606943,11472697509
1451606943,11534600733
1451606943,8194966925
1451606943,8470945084
1451606944,6957412744
1451606944,8589506803
1451606945,6905860537
1451606945,7470660522
1451606945,7953441685
1451606945,8388688832
1451606946,12600931623
1451606946,12864886383
1451606946,6470742243
1451606946,8174285381
1451606946,8420182570
1451606947,11178389250
1451606947,11405739244
1451606947,6964537041
1451606948,8234113193
1451606949,10982028421
1451606949,6947552794
1451606950,6934117946
1451606951,6462340934
1451606951,7925434278
1451606951,8232836107
1451606952,11123681796
1451606953,6467830990
1451606954,11479927887
1451606954,11534600733
1451606954,7953441685
1451606955,8256975126
1451606956,10852787870
1451606956,7470660522
1451606956,7992349422
1451606957,6846783893
1451606957,8388688832
1451606958,11405739244
1451606958,12440773467
1451606958,6905860537
1451606958,6947533518
1451606958,8443652473
1451606958,8548998366
1451606959,12460277324
1451606959,6957412744
1451606959,8589506803
1451606960,6934847856
1451606960,6964537041
1451606961,10797126798
1451606961,11457782594
1451606961,6835757684
1451606961,6925536391
1451606961,8402611144
1451606961,8565302065
1451606962,6882965881
1451606962,8290351386
1451606962,8401422627
1451606963,8194966925
1451606964,6795371912
1451606964,6924573580
1451606965,11123681796
1451606965,11358302984
1451606965,6905860537
1451606965,7953441685
1451606966,11158821913
1451606966,12864886383
1451606966,6683784826
1451606966,8388688832
1451606967,11029931969
1451606967,11067831491
1451606967,6917018914
1451606968,11364739594
1451606968,7925434278
1451606968,8232836107
1451606968,8339422303
1451606969,6945538925
1451606970,10982028421
1451606970,11123681796
1451606970,11472697509
1451606970,6957412744
1451606970,8425521456
1451606971,11417264585
1451606971,8488166962
1451606972,11146459820
1451606972,6846783893
1451606972,6947552794
1451606972,8291185761
1451606972,8420182570
1451606972,8589506803
1451606973,11180583568
1451606973,11405739244
1451606973,6795371912
1451606974,10852787870
1451606974,12683653956
1451606974,8262070797
1451606974,8482310084
1451606975,6917018914
1451606975,8272594087
1451606975,8583605283
1451606976,11158821913
1451606976,11417264585
1451606976,8366591539
1451606976,8401422627
1451606977,6683784826
1451606977,7470660522
1451606977,7953441685
1451606978,7925434278
1451606979,6884643535
1451606979,6957412744
1451606979,8220986965
1451606980,6925536391
1451606980,6934847856
1451606980,8170696471
1451606982,11178389250
1451606982,8589506803
1451606983,11417264585
1451606983,11440145051
1451606983,6795371912
1451606983,6917018914
1451606983,8194966925
1451606983,8232836107
1451606983,8366591539
1451606984,11472697509
1451606984,6969498891
1451606984,8420182570
1451606985,11123681796
1451606985,11165871832
1451606985,6467830990
1451606985,6750903097
1451606985,8234113193
1451606986,12683653956
1451606986,6708858298
1451606986,6947533518
1451606986,6957412744
1451606986,8399653728
1451606987,11457782594
1451606987,8290351386
1451606988,10982028421
1451606988,12723679494
1451606989,11029931969
1451606989,11092443023
1451606989,11358302984
1451606989,8256975126
1451606990,11123681796
1451606990,6969498891
1451606991,10835144946
1451606991,7470660522
1451606991,7953441685
1451606992,11417264585
1451606992,11534600733
1451606992,12864886383
1451606992,6964537041
1451606992,8548998366
1451606993,8401422627
1451606994,6678808850
1451606994,8232836107
1451606994,8425521456
1451606995,11472697509
1451606995,6962112984
1451606995,8203822897
1451606995,8589506803
1451606996,7992349422
1451606996,8402611144
1451606997,6945538925
1451606997,8565302065
1451606998,11165871832
1451606998,6795371912
1451606998,8234113193
1451606998,8470945084
1451606999,6846783893
1451606999,8388688832
1451606999,8482310084
1451607000,6905860537
1451607001,11178389250
1451607001,11479927887
1451607001,6925536391
1451607001,7953441685
1451607002,6828001339
1451607002,6957412744
1451607003,10977155266
1451607003,11417264585
1451607003,12864886383
1451607004,11405739244
1451607004,11457782594
1451607006,10982028421
1451607007,11123681796
1451607008,11202118382
1451607008,11417264585
1451607008,11472697509
1451607008,8232836107
1451607008,8589506803
1451607009,6964537041
1451607009,8174285381
1451607009,8548998366
1451607010,6934847856
1451607010,8234113193
1451607011,7470660522
1451607011,8365416112
1451607011,8399653728
1451607011,8425521456
1451607012,11123681796
1451607012,6905860537
1451607012,8339422303
1451607012,8420182570
1451607013,11534600733
1451607013,6462340934
1451607014,11417264585
1451607014,12864886383
1451607014,6795371912
1451607014,6947533518
1451607014,8262070797
1451607015,6683784826
1451607015,8366591539
1451607016,11178389250
1451607016,6835757684
1451607016,6925536391
1451607016,6945538925
1451607017,10852787870
1451607017,11405739244
1451607017,12683653956
1451607017,6683784826
1451607017,7925434278
1451607017,7953441685
1451607018,10982028421
1451607018,11158821913
1451607018,11417264585
1451607018,12460277324
1451607018,6884643535
1451607019,6934117946
1451607021,11417264585
1451607021,11472697509
1451607021,8232836107
1451607021,8565302065
1451607022,11123681796
1451607023,6795371912
1451607024,6947533518
1451607024,8174285381
1451607024,8365416112
1451607025,10812548489
1451607025,11457782594
1451607025,11478344312
1451607025,12864886383
1451607025,6715209734
1451607025,8382379506
1451607025,8402611144
1451607026,11364739594
1451607026,12752780047
1451607026,8256975126
1451607026,8443652473
1451607027,10982028421
1451607027,8420182570
1451607028,6683784826
1451607028,7953441685
1451607028,8234113193
1451607028,8388688832
1451607028,8399653728
1451607029,10852787870
1451607029,11063760888
1451607029,11405739244
1451607029,11417264585
1451607029,6467830990
1451607029,6905860537
1451607030,12683653956
1451607030,8232836107
1451607031,6969498891
1451607031,7470660522
1451607032,11479927887
1451607032,6829806740
1451607033,6932953975
1451607034,10982028421
1451607034,6925536391
1451607035,8548998366
1451607036,6795371912
1451607036,8401422627
1451607037,11478344312
1451607038,11534600733
1451607038,6462340934
1451607039,11417264585
1451607039,12864886383
1451607039,6750903097
1451607039,7953441685
1451607039,8174285381
1451607039,8470945084
1451607040,12809070907
1451607041,11202118382
1451607041,8388688832
1451607042,10968212905
1451607042,6934847856
1451607042,8425521456
1451607042,8482310084
1451607043,11158821913
1451607044,12683653956
1451607044,7925434278
1451607045,6947533518
1451607045,7470660522
1451607046,11029931969
1451607046,6794018492
1451607046,6934117946
1451607047,11092443023
1451607047,11457782594
1451607047,6715209734
1451607047,6932953975
1451607047,7040126778
1451607047,8194966925
1451607047,8420182570
1451607048,12864886383
1451607048,8388688832
1451607049,10982028421
1451607050,10831083391
1451607050,6905860537
1451607050,7953441685
1451607050,8232836107
1451607050,8262070797
1451607050,8401422627
1451607050,8565302065
1451607051,12752780047
1451607051,8256975126
1451607052,10968212905
1451607052,11479927887
1451607052,7040126778
1451607053,11417264585
1451607053,11472697509
1451607053,6877561883
1451607053,8365416112
1451607053,8443652473
1451607054,6795371912
1451607054,8388688832
1451607055,11364739594
1451607055,11534600733
1451607055,8382379506
1451607057,11028000338
1451607057,12683653956
1451607057,8534688748
1451607058,11202118382
1451607058,12864886383
1451607059,8402611144
1451607059,8548998366
1451607060,10831083391
1451607060,8425521456
1451607062,6877561883
1451607062,8388688832
1451607063,7470660522
1451607063,8420182570
1451607064,10838014329
1451607064,10982009472
1451607064,6795371912
1451607065,12809070907
1451607065,6905860537
1451607065,6973633101
1451607065,7953441685
1451607065,8365416112
1451607066,10982028421
1451607066,6925536391
1451607067,11534600733
1451607067,12864886383
1451607067,6947552794
1451607067,8388688832
1451607068,11358302984
1451607068,6934847856
1451607068,8399653728
1451607069,6761033192
1451607069,8234113193
1451607070,10838014329
1451607070,7925434278
1451607070,7992349422
1451607070,8589506803
1451607071,11479927887
1451607071,6715209734
1451607071,6964537041
1451607072,6829806740
1451607073,12683653956
1451607073,8401422627
1451607074,11417264585
1451607075,11202118382
1451607076,11417264585
1451607076,12864886383
1451607076,7953441685
1451607076,8488166962
1451607077,10982009472
1451607078,10982028421
1451607078,11029931969
1451607078,11534600733
1451607078,12752780047
1451607078,6947533518
1451607079,8194966925
1451607079,8425521456
1451607081,6905860537
1451607081,6925536391
1451607081,8402611144
1451607082,6754468243
1451607082,6947552794
1451607082,7470660522
1451607082,8382379506
1451607082,8565302065
1451607083,10812548489
1451607083,8589506803
1451607084,11358302984
1451607084,11417264585
1451607085,12683653956
1451607085,12864886383
1451607085,8234113193
1451607086,6973633101
1451607087,6828001339
1451607087,6964537041
1451607087,8174285381
1451607087,8256975126
1451607088,6934117946
1451607089,11534600733
1451607089,6947533518
1451607089,7040126778
1451607089,7953441685
1451607089,8563540917
1451607090,11028000338
1451607090,11202118382
1451607090,11417264585
1451607090,11479927887
1451607090,6683784826
1451607090,8401422627
1451607091,11280649422
1451607091,6795371912
1451607091,8234113193
1451607092,10982028421
1451607093,11417264585
1451607093,12864886383
1451607096,11092443023
1451607096,12809070907
1451607096,8589506803
1451607097,10852787870
1451607097,11029931969
1451607097,11123681796
1451607097,6925536391
1451607097,6934847856
1451607097,6973633101
1451607097,8132156887
1451607097,8174285381
1451607097,8194966925
1451607098,6794276110
1451607098,6945538925
1451607098,8256975126
1451607098,8366591539
1451607099,11417264585
1451607099,6829806740
1451607099,6932953975
1451607099,6934117946
1451607100,7953441685
1451607101,11534600733
1451607101,12683653956
1451607102,11364739594
1451607102,6962112984
1451607102,7470660522
1451607102,8262070797
1451607103,12864886383
1451607104,10982028421
1451607105,8166335101
1451607105,8443652473
1451607106,6467830990
1451607107,12440773467
1451607107,8366591539
1451607107,8399653728
1451607108,8234113193
1451607108,8488166962
1451607108,8548998366
1451607109,11123681796
1451607109,6973633101
1451607110,10852787870
1451607110,11417264585
1451607110,6795371912
1451607111,6884643535
1451607111,8565302065
1451607112,6947533518
1451607112,8589506803
1451607113,6925536391
1451607113,7838910827
1451607113,7953441685
1451607113,8291185761
1451607113,8382379506
1451607113,8563540917
1451607114,12683653956
1451607114,12809070907
1451607115,11029931969
1451607115,7470660522
1451607115,8402611144
1451607115,8563540917
1451607116,12864886383
1451607117,11440145051
1451607117,6967021370
1451607117,8290351386
1451607118,8388688832
1451607119,8583605283
1451607120,8132156887
1451607120,8563540917
1451607121,10982028421
1451607121,6761033192
1451607121,6934847856
1451607122,11123681796
1451607122,11479927887
1451607122,6795371912
1451607122,8166335101
1451607122,8232836107
1451607123,11280649422
1451607123,11417264585
1451607123,6964537041
1451607123,8234113193
1451607123,8482310084
1451607123,8563540917
1451607124,11384675037
1451607125,7953441685
1451607126,12809070907
1451607126,8388688832
1451607127,12864886383
1451607127,6797205983
1451607127,6829806740
1451607129,6678808850
1451607129,8548998366
1451607130,10982028421
1451607130,11029931969
1451607130,6794276110
1451607130,6925536391
1451607131,11472697509
1451607131,6947533518
1451607131,8291185761
1451607132,10968212905
1451607133,10852787870
1451607133,8388688832
1451607134,10982009472
1451607134,11417264585
1451607134,8166335101
1451607135,6795371912
1451607135,6934117946
1451607135,6973633101
1451607135,8262070797
1451607136,11534600733
1451607136,8194966925
1451607137,6750903097
1451607137,7470660522
1451607138,11118467181
1451607138,11472697509
1451607138,12864886383
1451607138,6967610616
1451607138,7953441685
1451607139,12809070907
1451607139,6964537041
1451607139,8071317586
1451607140,11479927887
1451607140,8071317586
1451607140,8565302065
1451607141,11280649422
1451607141,8071317586
1451607142,6683784826
1451607143,6934847856
1451607143,8583605283
1451607144,6925536391
1451607144,8166335101
1451607145,10852787870
1451607147,10982009472
1451607147,11534600733
1451607148,11472697509
1451607148,6795371912
1451607148,6907121028
1451607148,6973633101
1451607148,7916935186
1451607148,7953441685
1451607148,7992349422
1451607149,6797205983
1451607149,8256975126
1451607149,8365416112
1451607149,8563540917
1451607150,12809070907
1451607150,8425521456
1451607152,6947533518
1451607152,8272594087
1451607153,12683653956
1451607153,7916935186
1451607154,12864886383
1451607154,7828927728
1451607155,10982028421
1451607155,6795371912
1451607155,8563540917
1451607156,11158821913
1451607156,6788381258
1451607156,6794018492
1451607156,6934117946
1451607156,8563540917
1451607158,10968212905
1451607158,7470660522
1451607159,6829806740
1451607160,6925536391
1451607161,6947552794
1451607161,6973633101
1451607161,7844074684
1451607161,7953441685
1451607161,8482310084
1451607162,10852787870
1451607162,8458501909
1451607164,11472697509
1451607164,12809070907
1451607165,12683653956
1451607165,8420182570
1451607165,8563540917
1451607166,8382379506
1451607166,8402611144
1451607166,8425521456
1451607167,12864886383
1451607167,6877561883
1451607167,7925434278
1451607168,11534600733
1451607168,6829806740
1451607168,6934847856
1451607168,6967610616
1451607168,8262070797
1451607169,8234113193
1451607171,10968212905
1451607171,11472697509
1451607172,10982028421
1451607172,11479927887
1451607172,7953441685
1451607173,6788381258
1451607173,6925536391
1451607174,11029931969
1451607174,11358302984
1451607174,11384675037
1451607174,8589506803
1451607175,6715209734
1451607175,6973633101
1451607175,8110922221
1451607177,10852787870
1451607177,6471141185
1451607177,6683784826
1451607178,12683653956
1451607178,12864886383
1451607178,6829806740
1451607178,8132156887
1451607179,10968212905
1451607179,12440773467
1451607179,6467830990
1451607179,8166335101
1451607179,8565302065
1451607180,6962112984
1451607182,12809070907
1451607182,6471141185
1451607182,6683784826
1451607182,6973633101
1451607182,8110922221
1451607182,8420182570
1451607183,11472697509
1451607183,6794276110
1451607183,6934117946
1451607183,6947552794
1451607184,10982028421
1451607184,11158821913
1451607184,6462340934
1451607184,6934847856
1451607185,8365416112
1451607186,11280649422
1451607186,6964537041
1451607187,11358302984
1451607187,6947533518
1451607188,12864886383
1451607189,10982009472
1451607189,12683653956
1451607189,6969498891
1451607189,8458501909
1451607189,8489066789
1451607190,6683784826
1451607190,6973633101
1451607191,10968212905
1451607191,6460785593
1451607191,6715209734
1451607191,6788381258
1451607191,6925536391
1451607192,11472697509
1451607192,7953441685
1451607192,8382379506
1451607192,8399653728
1451607192,8425521456
1451607193,10831083391
1451607193,10852787870
1451607193,11028000338
1451607193,8402611144
1451607194,11479927887
1451607194,6795371912
1451607194,7844074684
1451607194,8256975126
1451607195,6460785593
1451607195,6471141185
1451607195,8110922221
1451607195,8310705424
1451607196,11534600733
1451607196,12678333237
1451607197,11492937346
1451607197,12669024777
1451607197,6715209734
1451607197,8194966925
1451607198,12809070907
1451607198,12864886383
1451607198,6460785593
1451607198,8262070797
1451607198,8482310084
1451607199,10831083391
1451607199,10968212905
1451607199,6884643535
1451607199,8420182570
1451607200,6967021370
1451607201,6863606100
1451607201,8110922221
1451607202,6964537041
1451607202,6973633101
1451607202,7011201361
1451607202,8548998366
1451607203,12683653956
1451607203,7953441685
1451607204,11479927887
1451607205,6934117946
1451607205,8188143844
1451607206,12809070907
1451607206,6460785593
1451607206,6832027851
1451607207,10968212905
1451607207,6471141185
1451607207,6885374477
1451607208,10852787870
1451607208,11029931969
1451607208,8365416112
1451607209,10831083391
1451607209,10913269226
1451607209,11472697509
1451607209,6467830990
1451607209,6797205983
1451607209,8110922221
1451607210,6460785593
1451607210,6795371912
1451607211,11492937346
1451607211,12864886383
1451607211,6761033192
1451607212,7953441685
1451607213,6794018492
1451607213,6934847856
1451607214,12678333237
1451607214,8439063965
1451607215,10831083391
1451607215,10982009472
1451607215,6973633101
1451607215,7844074684
1451607215,8425521456
1451607216,10968212905
1451607216,12752780047
1451607217,11180583568
1451607217,6460785593
1451607217,6788381258
1451607217,8365416112
1451607218,6471141185
1451607218,8470945084
1451607219,11029931969
1451607219,6884643535
1451607220,6683784826
1451607220,8382379506
1451607220,8489066789
1451607221,10852787870
1451607221,10968212905
1451607221,11180583568
1451607221,11472697509
1451607221,11534600733
1451607221,8565302065
1451607221,8583605283
1451607222,6967610616
1451607222,8291185761
1451607223,8402611144
1451607224,11472697509
1451607224,12864886383
1451607224,8110922221
1451607224,8420182570
1451607225,11364739594
1451607225,6788381258
1451607226,11405702863
1451607226,6460785593
1451607227,6973633101
1451607228,12678333237
1451607228,6460785593
1451607228,7953441685
1451607229,10852787870
1451607229,6471141185
1451607229,8420182570
1451607230,6969498891
1451607231,6467830990
1451607231,8110922221
1451607231,8589506803
1451607232,10968212905
1451607232,6460785593
1451607232,7844074684
1451607233,6934847856
1451607233,8365416112
1451607233,8458501909
1451607234,6715209734
1451607234,8489066789
1451607235,10982028421
1451607235,6471141185
1451607236,6788381258
1451607237,12683653956
1451607237,8110922221
1451607238,10812548489
1451607238,6460785593
1451607238,6947552794
1451607238,6993393712
1451607238,8425521456
1451607239,6683784826
1451607239,8188143844
1451607240,10968212905
1451607240,11479927887
1451607240,6462340934
1451607240,6964537041
1451607240,6973633101
1451607240,8439063965
1451607241,11098990178
1451607241,12752780047
1451607241,12864886383
1451607241,6884643535
1451607242,11029931969
1451607242,6947533518
1451607243,11098990178
1451607243,6794018492
1451607243,8058388772
1451607243,8256975126
1451607244,8262070797
1451607245,11098990178
1451607245,8402611144
1451607246,6460785593
1451607246,6761033192
1451607246,8565302065
1451607247,11028000338
1451607247,6683784826
1451607248,10844733382
1451607248,6471141185
1451607249,10913269226
1451607249,11178389250
1451607250,8420182570
1451607251,11472697509
1451607251,6788381258
1451607251,6973633101
1451607251,7844074684
1451607252,6460785593
1451607252,6715209734
1451607252,6932953975
1451607252,6969498891
1451607252,8132156887
1451607252,8272594087
1451607252,8470945084
1451607253,12809070907
1451607253,6795371912
1451607253,6947533518
1451607253,8563540917
1451607254,10831083391
1451607254,11492937346
1451607254,12864886383
1451607254,7953441685
1451607254,8058388772
1451607254,8288329561
1451607255,6964537041
1451607255,8188143844
1451607255,8589506803
1451607257,6715209734
1451607257,6788381258
1451607257,8110922221
1451607257,8482310084
1451607258,11405702863
1451607258,11429160356
1451607258,12683653956
1451607259,10968212905
1451607259,11472697509
1451607259,8232836107
1451607260,11384675037
1451607260,6460785593
1451607260,6471141185
1451607260,6683784826
1451607260,8563540917
1451607261,12678333237
1451607261,7844074684
1451607262,10831083391
1451607262,8188143844
1451607262,8489066789
1451607262,8548998366
1451607263,11479927887
1451607263,6863606100
1451607265,11364739594
1451607265,12864886383
1451607265,6460785593
1451607265,6715209734
1451607265,6925536391
1451607265,6973633101
1451607265,8110922221
1451607265,8563540917
1451607266,6467830990
1451607266,8365416112
1451607269,10982028421
1451607269,7844074684
1451607269,8188143844
1451607269,8194966925
1451607269,8382379506
1451607270,12678333237
1451607270,8563540917
1451607271,11472697509
1451607271,8110922221
1451607272,6462340934
1451607272,6795371912
1451607272,7969648454
1451607272,8262070797
1451607272,8439063965
1451607272,8589506803
1451607273,12809070907
1451607273,6460785593
1451607273,6471141185
1451607273,6932953975
1451607273,6947533518
1451607273,8232836107
1451607274,10968212905
1451607275,8402611144
1451607277,12683653956
1451607277,6460785593
1451607277,7844074684
1451607278,6967610616
1451607278,6973633101
1451607278,8563540917
1451607279,11472697509
1451607279,12678333237
1451607280,10831083391
1451607280,11178389250
1451607280,6471141185
1451607280,6678808850
1451607280,6947533518
1451607280,6962112984
1451607281,10913269226
1451607281,11429160356
1451607281,12752780047
1451607281,6460785593
1451607281,6788381258
1451607282,6734124963
1451607283,12678333237
1451607283,8058388772
1451607283,8110922221
1451607283,8399653728
1451607283,8565302065
1451607284,10968212905
1451607285,6925536391
1451607286,7844074684
1451607286,7953441685
1451607286,8232836107
1451607287,6467830990
1451607287,8443652473
1451607288,6982120502
1451607289,11440145051
1451607289,6973633101
1451607289,8256975126
1451607289,8470945084
1451607290,6683784826
1451607290,6947533518
1451607290,8234113193
1451607290,8563540917
1451607291,10831083391
1451607291,12683653956
1451607291,6863606100
1451607292,11020915688
1451607292,11358302984
1451607292,12669024777
1451607292,6715209734
1451607293,11472697509
1451607293,11472697509
1451607293,6471141185
1451607293,6788381258
1451607293,8188143844
1451607294,7844074684
1451607294,8110922221
1451607295,8194966925
1451607296,10982028421
1451607296,11364739594
1451607296,6932953975
1451607296,6964537041
1451607297,8291185761
1451607297,8401422627
1451607298,10913269226
1451607298,12809070907
1451607299,6993393712
1451607299,8132156887
1451607299,8188143844
1451607299,8402611144
1451607300,10831083391
1451607300,6460785593
1451607300,6471141185
1451607300,6715209734
1451607300,8382379506
1451607301,10885436185
1451607301,6973633101
1451607301,8232836107
1451607301,8489066789
1451607301,8506038652
1451607302,6683784826
1451607302,7844074684
1451607302,8110922221
1451607302,8439063965
1451607302,8563540917
1451607303,10968212905
1451607303,6460785593
1451607303,7953441685
1451607303,8234113193
1451607304,6678808850
1451607305,12683653956
1451607305,8262070797
1451607306,8365416112
1451607306,8506038652
1451607307,6788381258
1451607307,6967021370
1451607308,11429160356
1451607308,8420182570
1451607308,8563540917
1451607309,11405702863
1451607309,11472697509
1451607309,11479927887
1451607309,6969498891
1451607309,8110922221
1451607310,10812548489
1451607310,6683784826
1451607310,6969498891
1451607310,7829905603
1451607310,8565302065
1451607311,6840658218
1451607311,6964537041
1451607311,8272594087
1451607311,8425521456
1451607312,7844074684
1451607312,8489066789
1451607313,11472697509
1451607313,6846783893
1451607314,10968212905
1451607314,8256975126
1451607316,6884643535
1451607316,8291185761
1451607316,8563540917
1451607317,10913269226
1451607317,6683784826
1451607317,8399653728
1451607317,8401422627
1451607318,6460785593
1451607318,6973633101
1451607318,6993393712
1451607318,8439063965
1451607318,8506038652
1451607319,6868063287
1451607319,6947533518
1451607319,8110922221
1451607320,12683653956
1451607320,8506038652
1451607323,6460785593
1451607323,6683784826
1451607323,7844074684
1451607324,11440145051
1451607324,12809070907
1451607324,6993393712
1451607324,8420182570
1451607324,8489066789
1451607325,10968212905
1451607325,6467830990
1451607326,11020915688
1451607326,8110922221
1451607327,11472697509
1451607327,11492937346
1451607327,6907121028
1451607327,6973633101
1451607327,8382379506
1451607328,8589506803
1451607329,10913269226
1451607329,6846783893
1451607329,6910440630
1451607329,7470660522
1451607329,8194966925
1451607329,8425521456
1451607329,8470945084
1451607330,6460785593
1451607330,6788381258
1451607330,6975045340
1451607330,8489066789
1451607331,11358302984
1451607331,7838910827
1451607331,8443652473
1451607332,7844074684
1451607332,8110922221
1451607332,8262070797
1451607334,10968212905
1451607335,10922483984
1451607335,11178389250
1451607335,11472697509
1451607335,8563540917
1451607336,6863606100
1451607337,11029931969
1451607337,12683653956
1451607337,6829806740
1451607338,6683784826
1451607338,8291185761
1451607340,12864886383
1451607340,6962112984
1451607340,8166335101
1451607340,8365416112
1451607340,8439063965
1451607341,8565302065
1451607341,8583605283
1451607341,8589506803
1451607342,10968212905
1451607342,6884643535
1451607342,8420182570
1451607343,11020915688
1451607343,6788381258
1451607343,6795371912
1451607343,7844074684
1451607344,11384675037
1451607344,11429160356
1451607344,12866970678
1451607344,7969648454
1451607344,8563540917
1451607345,6471141185
1451607345,6828001339
1451607345,6975045340
1451607346,11472697509
1451607346,6964537041
1451607347,7829905603
1451607347,8256975126
1451607348,6910440630
1451607348,7011201361
1451607348,8402611144
1451607349,10968212905
1451607349,6683784826
1451607349,6924573580
1451607349,8563540917
1451607350,10913269226
1451607350,11178389250
1451607352,7844074684
1451607352,8489066789
1451607353,11472697509
1451607353,12678333237
1451607353,6794018492
1451607353,8110922221
1451607353,8194966925
1451607353,8291185761
1451607354,10885436185
1451607354,11180583568
1451607354,12403554987
1451607354,7838910827
1451607354,8132156887
1451607355,8365416112
1451607356,12403554987
1451607356,6471141185
1451607356,6715209734
1451607357,12669024777
1451607357,6947552794
1451607359,10968212905
1451607359,11479927887
1451607359,12403554987
1451607359,12866970678
1451607359,7829905603
1451607359,8272594087
1451607360,6683784826
1451607360,6795371912
1451607360,7844074684
1451607361,6460785593
1451607361,6788381258
1451607361,6932953975
1451607361,6947533518
1451607361,7829905603
1451607361,8489066789
1451607362,11020915688
1451607362,11492937346
1451607362,12856358512
1451607362,6964537041
1451607362,8443652473
1451607363,12683653956
1451607363,12856358512
1451607363,7829905603
1451607363,8399653728
1451607363,8536265860
1451607364,11479927887
1451607364,12678333237
1451607364,8110922221
1451607365,11178389250
1451607365,6460785593
1451607365,7829905603
1451607366,10913269226
1451607366,12768506949
1451607366,12856358512
1451607366,6715209734
1451607366,7838910827
1451607366,8420182570
1451607367,11405702863
1451607367,7844074684
1451607368,10812548489
1451607368,8291185761
1451607369,6460785593
1451607369,6483075850
1451607370,11364739594
1451607370,6868063287
1451607370,8166335101
1451607371,10968212905
1451607371,7992349422
1451607372,6947533518
1451607372,8382379506
1451607373,11472697509
1451607373,11492937346
1451607373,6788381258
1451607374,11029931969
1451607374,12809070907
1451607374,6947552794
1451607374,7828927728
1451607374,8448645387
1451607375,11020915688
1451607375,12864886383
1451607375,6683784826
1451607375,6794018492
1451607376,11472697509
1451607376,6797205983
1451607376,6987610839
1451607376,8262070797
1451607376,8563540917
1451607376,8565302065
1451607377,11429160356
1451607377,6945538925
1451607377,7838910827
1451607377,8166335101
1451607377,8470945084
1451607377,8563540917
1451607378,12683653956
1451607378,6795371912
1451607378,7844074684
1451607378,8506038652
1451607379,10852787870
1451607379,11178389250
1451607379,6829806740
1451607379,8110922221
1451607381,8058388772
1451607382,6947533518
1451607382,8489066789
1451607383,12864886383
1451607383,6683784826
1451607383,6993393712
1451607383,8506038652
1451607384,11405702863
1451607384,11440145051
1451607384,6460785593
1451607384,6788381258
1451607385,10968212905
1451607385,12678333237
1451607385,12768506949
1451607385,8110922221
1451607386,10913269226
1451607386,11384675037
1451607386,6863606100
1451607386,8420182570
1451607386,8458501909
1451607387,11020915688
1451607387,12639889125
1451607387,6678808850
1451607387,8583605283
1451607389,12866970678
1451607389,6683784826
1451607389,7829905603
1451607389,8291185761
1451607390,11178389250
1451607390,11180583568
1451607390,7844074684
1451607390,8563540917
1451607391,6460785593
1451607391,8194966925
1451607392,11492937346
1451607392,6795371912
1451607392,6964537041
1451607392,7838910827
1451607393,11358302984
1451607393,12864886383
1451607393,6797205983
1451607394,10968212905
1451607394,11478344312
1451607395,11429160356
1451607395,11472697509
1451607396,8110922221
1451607397,11020915688
1451607397,6987610839
1451607397,7844074684
1451607397,8482310084
1451607398,11472697509
1451607398,6683784826
1451607398,6945538925
1451607399,10852787870
1451607399,12864886383
1451607399,8166335101
1451607399,8589506803
1451607400,11479927887
1451607400,12678333237
1451607400,6460785593
1451607400,6967021370
1451607400,6975045340
1451607400,6993393712
1451607400,8382379506
1451607400,8420182570
1451607400,8436126015
1451607400,8563540917
1451607400,8572415151
1451607401,12639889125
1451607401,6788381258
1451607401,6910440630
1451607401,8399653728
1451607402,11029931969
1451607402,12683653956
1451607402,6947552794
1451607402,7828927728
1451607402,8291185761
1451607402,8489066789
1451607403,10913269226
1451607403,11492937346
1451607403,6846267434
1451607404,11178389250
1451607404,12809070907
1451607404,6932953975
1451607404,6973633101
1451607404,8470945084
1451607405,6884643535
1451607405,8425521456
1451607406,7844074684
1451607406,8565302065
1451607407,11212266778
1451607407,8439063965
1451607409,6795371912
1451607409,6846267434
1451607410,10922483984
1451607410,6683784826
1451607410,6829806740
1451607410,6993393712
1451607411,10852787870
1451607411,11440145051
1451607411,6945538925
1451607412,8110922221
1451607413,7838910827
1451607413,7844074684
1451607413,8563540917
1451607414,6467830990
1451607414,7829905603
1451607414,8506038652
1451607415,6828001339
1451607415,8194966925
1451607415,8506038652
1451607416,12639889125
1451607416,12678333237
1451607416,6538664897
1451607416,8365416112
1451607417,8291185761
1451607418,8439063965
1451607419,11020915688
1451607419,11364739594
1451607419,11429160356
1451607419,8262070797
1451607420,10885436185
1451607420,10968212905
1451607420,12404122508
1451607420,6795371912
1451607420,6993393712
1451607420,8489066789
1451607421,7844074684
1451607422,6797205983
1451607422,8443652473
1451607423,11492937346
1451607423,6471141185
1451607423,6788381258
1451607423,6846267434
1451607423,8110922221
1451607423,8425521456
1451607424,6982120502
1451607425,11479927887
1451607425,6683784826
1451607425,6884643535
1451607425,6973633101
1451607425,7925434278
1451607425,8058388772
1451607425,8468264980
1451607425,8563540917
1451607426,7829905603
1451607427,11077712346
1451607427,6932953975
1451607427,6967610616
1451607428,6975045340
1451607428,8420182570
1451607429,10812548489
1451607429,11212266778
1451607429,11440145051
1451607429,6846267434
1451607429,6947552794
1451607429,7844074684
1451607429,8110922221
1451607430,10913269226
1451607430,7828927728
1451607430,8291185761
1451607430,8402611144
1451607430,8489066789
1451607431,10885436185
1451607431,10968212905
1451607431,11178389250
1451607431,6993393712
1451607432,8132156887
1451607433,11492937346
1451607433,12864886383
1451607433,6964537041
1451607433,8439063965
1451607434,6797205983
1451607435,10968212905
1451607435,12809070907
1451607435,6910440630
1451607435,8470945084
1451607435,8563540917
1451607436,8458501909
1451607436,8562460267
1451607437,11522818044
1451607437,6471141185
1451607437,6877561883
1451607438,10852787870
1451607438,6846267434
1451607438,8058388772
1451607439,10968212905
1451607439,6829806740
1451607440,11029931969
1451607440,6794018492
1451607441,12639889125
1451607441,6907121028
1451607441,6947533518
1451607442,7844074684
1451607442,8399653728
1451607443,10968212905
1451607443,11178389250
1451607443,11429160356
1451607443,6945538925
1451607443,6973633101
1451607443,7829905603
1451607443,8565302065
1451607444,6471141185
1451607444,8110922221
1451607444,8401422627
1451607444,8489066789
1451607445,11020915688
1451607445,12768506949
1451607445,6795371912
1451607445,6964537041
1451607445,8194966925
1451607445,8291185761
1451607445,8382379506
1451607445,8562460267
1451607446,12683653956
1451607446,6788381258
1451607446,7838910827
1451607446,8425521456
1451607446,8563540917
1451607448,10968212905
1451607449,11279433881
1451607449,11492937346
1451607449,12864886383
1451607449,6969527685
1451607450,11440145051
1451607450,12866970678
1451607450,6960442156
1451607451,11178389250
1451607451,6467830990
1451607451,7844074684
1451607451,7925434278
1451607452,8110922221
1451607453,11405702863
1451607453,6947533518
1451607453,8489066789
1451607454,6947552794
1451607454,8562460267
1451607455,6795371912
1451607455,6877561883
1451607457,12404122508
1451607457,6471141185
1451607458,11472697509
1451607458,6973633101
1451607458,8110922221
1451607459,10913269226
1451607459,7838910827
1451607459,8234103877
1451607459,8534688748
1451607460,11492937346
1451607460,6846267434
1451607460,8291185761
1451607460,8536265860
1451607461,6473171904
1451607461,7829905603
1451607462,10852787870
1451607462,11178389250
1451607462,6967021370
1451607462,8563540917
1451607463,11280649422
1451607463,6795371912
1451607463,7854018079
1451607463,8548998366
1451607464,11020915688
1451607464,11472697509
1451607464,6975045340
1451607464,8401422627
1451607465,6471141185
1451607466,10751764263
1451607466,10812548489
1451607466,11279433881
1451607466,11429160356
1451607466,8262070797
1451607468,6934117946
1451607468,8489066789
1451607469,6884643535
1451607469,6910440630
1451607470,11405702863
1451607470,6467830990
1451607471,11492937346
1451607471,12639889125
1451607471,12683653956
1451607471,12809070907
1451607471,6797205983
1451607472,8110922221
1451607473,6846267434
1451607473,8291185761
1451607474,11178389250
1451607474,11364739594
1451607474,6471141185
1451607474,8382379506
1451607474,8565302065
1451607475,10817433709
1451607475,6795371912
1451607475,8425521456
1451607476,8420182570
1451607477,10913269226
1451607477,10968212905
1451607477,7838910827
1451607477,8443652473
1451607477,8562460267
1451607479,10922483984
1451607479,12752780047
1451607479,8216983150
1451607479,8317886761
1451607480,10852787870
1451607480,11020915688
1451607480,6471141185
1451607480,6846267434
1451607480,8058388772
1451607480,8110922221
1451607480,8132156887
1451607481,11063760888
1451607482,11384675037
1451607482,6689156403
1451607482,6877561883
1451607483,7828927728
1451607484,11440145051
1451607484,11492937346
1451607484,12866970678
1451607485,12639889125
1451607485,6795371912
1451607486,6689156403
1451607486,8489066789
1451607487,6471141185
1451607487,8110922221
1451607488,6846267434
1451607488,8291185761
1451607489,11020915688
1451607489,11479927887
1451607489,12683653956
1451607489,6689156403
1451607489,6945538925
1451607489,8216983150
1451607489,8545924959
1451607491,6934117946
1451607491,8317886761
1451607491,8562460267
1451607492,10852787870
1451607492,11328743913
1451607492,8110922221
1451607492,8276985998
1451607492,8399653728
1451607493,11429160356
1451607493,12768506949
1451607493,12809070907
1451607494,6471141185
1451607494,6846267434
1451607494,6877561883
1451607494,6967610616
1451607495,11492937346
1451607495,8401422627
1451607496,11178389250
1451607496,11212266778
1451607496,6795371912
1451607496,6975045340
1451607496,8058388772
1451607497,6794018492
1451607498,12639889125
1451607498,8283270491
1451607498,8506038652
1451607499,10838014329
1451607499,11440145051
1451607499,11472697509
1451607499,6467830990
1451607499,6910440630
1451607499,8470945084
1451607500,8420182570
1451607501,8283270491
1451607501,8583605283
1451607502,10747266537
1451607502,10913269226
1451607503,11020915688
1451607503,6471141185
1451607503,8540999454
1451607504,10852787870
1451607504,6846267434
1451607504,8506038652
1451607505,10747266537
1451607505,11492937346
1451607505,8439063965
1451607506,12404122508
1451607506,8110922221
1451607506,8506038652
1451607507,11472697509
1451607507,6795371912
1451607508,11364739594
1451607508,6969498891
1451607508,8562460267
1451607508,8565302065
1451607510,10751764263
1451607510,12809070907
1451607511,6846267434
1451607512,7828927728
1451607512,8204189937
1451607512,8317886761
1451607513,10831083391
1451607513,11429160356
1451607513,12639889125
1451607513,6471141185
1451607513,6973633101
1451607513,8058388772
1451607513,8540999454
1451607515,11020915688
1451607515,8216983150
1451607515,8562460267
1451607516,11492937346
1451607516,8439063965
1451607516,8548998366
1451607517,10852787870
1451607517,6945538925
1451607518,6846267434
1451607518,6964537041
1451607518,8081089513
1451607519,8058388772
1451607519,8401422627
1451607520,11440145051
1451607520,8272594087
1451607521,8021305751
1451607521,8110922221
1451607521,8489066789
1451607521,8506038652
1451607522,12754770493
1451607522,8317886761
1451607522,8470945084
1451607523,10812548489
1451607523,12639889125
1451607523,6967610616
1451607523,8216983150
1451607524,8448645387
1451607525,8384095668
1451607526,6795371912
1451607526,8110922221
1451607526,8562460267
1451607527,11492937346
1451607527,6846267434
1451607527,6962112984
1451607527,8262070797
1451607528,8132156887
1451607529,11020915688
1451607529,11178389250
1451607530,6967021370
1451607530,8216983150
1451607532,12404122508
1451607532,12440773467
1451607532,6960442156
1451607533,11472697509
1451607533,12809070907
1451607533,6934117946
1451607533,7992349422
1451607534,10751764263
1451607534,6964537041
1451607535,11429160356
1451607535,8563540917
1451607536,11472697509
1451607536,12669024777
1451607536,8565302065
1451607537,10991708638
1451607538,11020915688
1451607538,11280649422
1451607538,11440145051
1451607539,10747266537
1451607539,6945538925
1451607539,8058388772
1451607540,6750903097
1451607540,6846267434
1451607540,7828927728
1451607540,8216983150
1451607540,8562460267
1451607541,7844074684
1451607541,8436126015
1451607542,12639889125
1451607543,11478344312
1451607543,6917018914
1451607545,8216983150
1451607546,10852787870
1451607546,6967021370
1451607546,8439063965
1451607546,8489066789
1451607546,8589506803
1451607547,6846267434
1451607547,8401422627
1451607548,12809070907
1451607548,6797205983
1451607548,8262070797
1451607549,6917018914
1451607549,6964537041
1451607549,8110922221
1451607549,8545924959
1451607549,8562460267
1451607550,8021305751
1451607550,8425521456
1451607552,11472697509
1451607552,8384095668
1451607553,10913269226
1451607553,11020915688
1451607553,11429160356
1451607553,6467830990
1451607553,6752470844
1451607554,11199114616
1451607554,6945538925
1451607554,8058388772
1451607554,8216983150
1451607555,6846267434
1451607555,6917018914
1451607556,6910440630
1451607556,6967021370
1451607556,7829905603
1451607556,8562460267
1451607557,8489066789
1451607558,10751764263
1451607558,10922483984
1451607558,11440145051
1451607558,6959169349
1451607558,7844074684
1451607558,7925434278
1451607558,8110922221
1451607559,11328743913
1451607559,6917018914
1451607560,10968212905
1451607560,11364739594
1451607560,11478344312
1451607560,8506038652
1451607561,11067831491
1451607561,8540999454
1451607562,7854018079
1451607562,8058388772
1451607563,10991708638
1451607563,6797205983
1451607563,6846267434
1451607563,6884643535
1451607563,8216983150
1451607564,11438971234
1451607564,6969498891
1451607565,11384675037
1451607565,12809070907
1451607565,6788381258
1451607565,7828927728
1451607565,8110922221
1451607566,10817433709
1451607566,11472697509
1451607566,8132156887
1451607567,11492937346
1451607567,7844074684
1451607568,11020915688
1451607568,12768506949
1451607569,7992349422
1451607569,8058388772
1451607569,8562460267
1451607569,8563540917
1451607570,11280649422
1451607570,11405702863
1451607570,11478344312
1451607570,6932953975
1451607570,8216983150
1451607570,8384095668
1451607571,12404122508
1451607571,8448645387
1451607571,8489066789
1451607572,10913269226
1451607572,6846267434
1451607572,7829905603
1451607573,10751764263
1451607573,11159822891
1451607573,6967021370
1451607575,6795371912
1451607575,6945538925
1451607575,8565302065
1451607576,11429160356
1451607576,12754770493
1451607576,6467830990
1451607576,8506038652
1451607578,12809070907
1451607578,6797205983
1451607578,8323782864
1451607579,6846267434
1451607579,6959169349
1451607579,8110922221
1451607579,8425521456
1451607580,10865295420
1451607580,6969498891
1451607581,11020915688
1451607581,11440145051
1451607581,6752470844
1451607581,6934117946
1451607581,6967021370
1451607581,8351670541
1451607582,11492937346
1451607582,8216983150
1451607582,8401422627
1451607582,8402611144
1451607582,8439063965
1451607583,11478344312
1451607583,12639889125
1451607583,6473171904
1451607583,7844074684
1451607585,6788381258
1451607587,11199114616
1451607587,6706325377
1451607588,11029931969
1451607588,8562460267
1451607589,10747266537
1451607589,6828001339
1451607590,10872567750
1451607590,11478344312
1451607590,8081089513
1451607590,8216983150
1451607590,8482310084
1451607591,7844074684
1451607591,7992349422
1451607591,8448645387
1451607593,11429160356
1451607593,12856358512
1451607593,8489066789
1451607594,10991708638
1451607594,11020915688
1451607594,11492937346
1451607594,12639889125
1451607594,8443652473
1451607594,8506038652
1451607595,8216983150
1451607596,10852787870
1451607596,12683653956
1451607596,12809070907
1451607596,6934117946
1451607596,6945538925
1451607596,8110922221
1451607596,8562460267
1451607596,8589506803
1451607597,6706325377
1451607597,6788381258
1451607597,6794018492
1451607597,6795371912
1451607598,11405702863
1451607598,8081089513
1451607598,8351670541
1451607599,6846267434
1451607599,6967021370
1451607599,6967610616
1451607600,10913269226
1451607600,11440145051
1451607600,8583605283
1451607601,10838014329
1451607601,12639889125
1451607601,7829905603
1451607601,8562460267
1451607602,11280649422
1451607602,8216983150
1451607602,8401422627
1451607603,10838014329
1451607603,6910440630
1451607603,7828927728
1451607603,7854018079
1451607603,8110922221
1451607603,8489066789
1451607604,11328743913
1451607604,11472697509
1451607604,6715209734
1451607605,8506038652
1451607607,6967021370
1451607607,7829905603
1451607607,8081089513
1451607608,8323782864
1451607609,11020915688
1451607609,11384675037
1451607609,11492937346
1451607609,6795371912
1451607609,8216983150
1451607609,8565302065
1451607610,10812548489
1451607610,6934117946
1451607610,8562460267
1451607611,6788381258
1451607611,6797205983
1451607611,7844074684
1451607611,8402611144
1451607611,8439063965
1451607612,6706325377
1451607612,6945538925
1451607612,6960442156
1451607612,6967610616
1451607613,10852787870
1451607613,11328743913
1451607614,10913269226
1451607614,11249651969
1451607614,11249651969
1451607614,6973633101
1451607615,10817433709
1451607615,11249651969
1451607615,6907121028
1451607616,11280649422
1451607616,12768506949
1451607617,11429160356
1451607617,11440145051
1451607617,12683653956
1451607617,7838910827
1451607617,8420182570
1451607617,8589506803
1451607618,6846267434
1451607618,8132156887
1451607618,8401422627
1451607619,8448645387
1451607620,11364739594
1451607620,6795371912
1451607620,7844074684
1451607620,8292007330
1451607621,11492937346
1451607621,6964537041
1451607621,6967021370
1451607621,8216983150
1451607621,8317886761
1451607621,8351670541
1451607621,8439063965
1451607622,12639889125
1451607622,6473171904
1451607622,8110922221
1451607622,8189695872
1451607623,11020915688
1451607623,11390203624
1451607623,6910440630
1451607624,10922483984
1451607624,8489066789
1451607625,11472697509
1451607625,12489564384
1451607625,7829905603
1451607625,7925434278
1451607625,8548998366
1451607626,10852787870
1451607626,8216983150
1451607627,6706325377
1451607627,8276985998
1451607627,8292007330
1451607627,8425521456
1451607628,6959169349
1451607629,7829905603
1451607630,12639889125
1451607630,6788381258
1451607630,6795371912
1451607630,6846267434
1451607631,11522818044
1451607631,6945538925
1451607631,7829905603
1451607631,8351670541
1451607631,8420182570
1451607631,8583605283
1451607632,11390203624
1451607632,11478344312
1451607632,6973633101
1451607632,8443652473
1451607633,12489564384
1451607633,7829905603
1451607634,10968212905
1451607634,11358302984
1451607634,11440145051
1451607634,6752470844
1451607635,11249651969
1451607635,12809070907
1451607635,6715209734
1451607635,8317886761
1451607636,12489564384
1451607637,8216983150
1451607638,6706325377
1451607638,6846267434
1451607638,7838910827
1451607639,10968212905
1451607639,11020915688
1451607639,11429160356
1451607639,11472697509
1451607639,12639889125
1451607639,8189695872
1451607639,8448645387
1451607640,6967021370
1451607642,11472697509
1451607642,6715209734
1451607642,8351670541
1451607643,6973633101
1451607643,8216983150
1451607643,8317886761
1451607643,8399653728
1451607644,11492937346
1451607644,6467830990
1451607644,8189695872
1451607645,12768506949
1451607645,6907121028
1451607645,8081089513
1451607646,11478344312
1451607646,12754770493
1451607646,6932953975
1451607647,10885436185
1451607647,7829905603
1451607647,8058388772
1451607647,8401422627
1451607647,8402611144
1451607647,8562460267
1451607648,12639889125
1451607649,6910440630
1451607649,6934117946
1451607649,8439063965
1451607650,11029931969
1451607650,12683653956
1451607650,6959169349
1451607650,7925434278
1451607651,6945538925
1451607652,11020915688
1451607652,11130906520
1451607652,6473171904
1451607652,8058388772
1451607652,8317886761
1451607653,10865295420
1451607653,12856358512
1451607653,6678808850
1451607653,6797205983
1451607653,8351670541
1451607653,8420182570
1451607653,8565302065
1451607654,11472697509
1451607655,11405702863
1451607655,12768506949
1451607655,6846267434
1451607655,6973633101
1451607655,7838910827
1451607656,6706325377
1451607657,11440145051
1451607657,6788381258
1451607657,8204189937
1451607657,8216983150
1451607657,8562460267
1451607658,10913269226
1451607659,11429160356
1451607659,11492937346
1451607659,8317886761
1451607660,11472697509
1451607660,12639889125
1451607660,8470945084
1451607661,7829905603
1451607662,11438971234
1451607662,11478344312
1451607662,12489564384
1451607662,7828927728
1451607663,6959169349
1451607663,7011201361
1451607663,8420182570
1451607663,8562460267
1451607664,12809070907
1451607664,6846267434
1451607664,8351670541
1451607665,6907121028
1451607665,6934117946
1451607665,8443652473
1451607665,8448645387
1451607665,8468264980
1451607666,6932953975
1451607667,12639889125
1451607668,6973633101
1451607669,11492937346
1451607669,6467830990
1451607669,6788381258
1451607669,6846267434
1451607670,11478344312
1451607670,12809070907
1451607670,6794018492
1451607670,8081089513
1451607670,8317886761
1451607670,8401422627
1451607671,10817433709
1451607672,11020915688
1451607672,12404122508
1451607672,6467830990
1451607672,8189695872
1451607672,8562460267
1451607673,11280649422
1451607673,7854018079
1451607674,11364739594
1451607674,6959169349
1451607674,6973633101
1451607674,8351670541
1451607675,7829905603
1451607676,6932953975
1451607677,11130906520
1451607677,11328743913
1451607677,11440145051
1451607677,12856358512
1451607677,8204189937
1451607678,8317886761
1451607679,11429160356
1451607679,11478344312
1451607679,7828927728
1451607679,7838910827
1451607680,12669024777
1451607681,11384675037
1451607681,11405702863
1451607681,8402611144
1451607681,8589506803
1451607682,8292007330
1451607683,8562460267
1451607684,11067831491
1451607684,6932953975
1451607685,8351670541
1451607686,6846267434
1451607686,6969527685
1451607686,8448645387
1451607686,8489066789
1451607687,12639889125
1451607688,6788381258
1451607688,8565302065
1451607689,11280649422
1451607689,12768506949
1451607689,6934117946
1451607689,7829905603
1451607690,11478344312
1451607690,6907121028
1451607692,6885374477
1451607692,8401422627
1451607693,11020915688
1451607694,6959169349
1451607694,7854018079
1451607694,7990755577
1451607694,8351670541
1451607694,8589506803
1451607695,12639889125
1451607696,8323782864
1451607696,8420182570
1451607696,8562460267
1451607697,6762458615
1451607698,10838014329
1451607698,11429160356
1451607698,6762458615
1451607698,6788381258
1451607698,6910440630
1451607698,8468264980
1451607699,12754770493
1451607699,6863606100
1451607699,8489066789
1451607700,11478344312
1451607700,11492937346
1451607700,8224085938
1451607700,8317886761
1451607701,11328743913
1451607702,12639889125
1451607702,7838910827
1451607703,11440145051
1451607704,8204189937
1451607705,6467830990
1451607706,10885436185
1451607706,12809070907
1451607706,8351670541
1451607706,8562460267
1451607706,8589506803
1451607707,11364739594
1451607707,6932953975
1451607707,8401422627
1451607707,8402611144
1451607708,8317886761
1451607708,8548998366
1451607709,11492937346
1451607709,6959169349
1451607709,8565302065
1451607710,8545924959
1451607711,7828927728
1451607712,11328743913
1451607712,12404122508
1451607712,8583605283
1451607713,8420182570
1451607713,8439063965
1451607713,8468264980
1451607714,6794018492
1451607714,7854018079
1451607715,6762458615
1451607715,6934117946
1451607715,6973633101
1451607716,11472697509
1451607716,6932953975
1451607717,12639889125
1451607717,12856358512
1451607717,8317886761
1451607717,8420182570
1451607717,8448645387
1451607719,11020915688
1451607719,8399653728
1451607720,10872567750
1451607720,11492937346
1451607720,6788381258
1451607720,8589506803
1451607721,11440145051
1451607721,6509469868
1451607721,8489066789
1451607722,11280649422
1451607722,11429160356
1451607722,12404122508
1451607722,8443652473
1451607723,12768506949
1451607723,8562460267
1451607724,6959169349
1451607724,8351670541
1451607724,8468264980
1451607725,8317886761
1451607725,8420182570
1451607726,10838014329
1451607726,7829905603
1451607726,8323782864
1451607727,11478344312
1451607728,8420182570
1451607729,6788381258
1451607730,10817433709
1451607730,10913269226
1451607730,6932953975
1451607731,11405702863
1451607731,6762458615
1451607733,8058388772
1451607734,7992349422
1451607734,8402611144
1451607735,11478344312
1451607735,6934117946
1451607735,6959169349
1451607735,8317886761
1451607735,8489066789
1451607736,7828927728
1451607736,8351670541
1451607736,8468264980
1451607736,8562460267
1451607737,11358302984
1451607737,12639889125
1451607737,8420182570
1451607737,8448645387
1451607738,11280649422
1451607738,11328743913
1451607738,11492937346
1451607738,6467830990
1451607738,6807889945
1451607738,8443652473
1451607739,10838014329
1451607739,6907121028
1451607739,8565302065
1451607740,11440145051
1451607740,6509469868
1451607740,8058388772
1451607741,8401422627
1451607742,6794350942
1451607742,8420182570
1451607743,8292007330
1451607743,8317886761
1451607744,6910440630
1451607744,6932953975
1451607744,8489066789
1451607745,11020915688
1451607745,11429160356
1451607745,11478344312
1451607745,8351670541
1451607746,6967021370
1451607746,8323782864
1451607747,11522818044
1451607747,12639889125
1451607747,7838910827
1451607747,8058388772
1451607748,11384675037
1451607749,11130906520
1451607749,11492937346
1451607749,8304454531
1451607750,6678808850
1451607750,8170696471
1451607751,7990755577
1451607751,8468264980
1451607751,8562460267
1451607752,6766920443
1451607752,6932953975
1451607752,6934117946
1451607753,10838014329
1451607753,6794350942
1451607754,10838014329
1451607754,6967021370
1451607754,8058388772
1451607754,8489066789
1451607755,11472697509
1451607755,12639889125
1451607755,12768506949
1451607755,6714934386
1451607755,6959169349
1451607755,8317886761
1451607755,8548998366
1451607756,12754770493
1451607756,8351670541
1451607757,11364739594
1451607757,6788381258
1451607757,8401422627
1451607758,11478344312
1451607758,8399653728
1451607759,10913269226
1451607759,11029931969
1451607759,11438971234
1451607759,7925434278
1451607759,7992349422
1451607759,8204189937
1451607760,11440145051
1451607760,7906766711
1451607761,7829905603
1451607761,8562460267
1451607762,12639889125
1451607762,6973633101
1451607763,10817433709
1451607763,11429160356
1451607763,6828001339
1451607763,8058388772
1451607763,8304454531
1451607763,8317886761
1451607764,6509469868
1451607764,6960442156
1451607764,8351670541
1451607765,8402611144
1451607766,7828927728
1451607767,6910440630
1451607768,6706325377
1451607768,6766920443
1451607769,12639889125
1451607769,6932953975
1451607769,7906766711
1451607769,8204189937
1451607769,8323782864
1451607769,8589506803
1451607771,11067831491
1451607771,7011201361
1451607771,8489066789
1451607772,8468264980
1451607773,10838014329
1451607773,11478344312
1451607773,8583605283
1451607774,8317886761
1451607775,8058388772
1451607775,8351670541
1451607776,12768506949
1451607778,8565302065
1451607779,10872567750
1451607779,11492937346
1451607779,6794018492
1451607779,8384105858
1451607780,8224085938
1451607781,8562460267
1451607782,8224085938
1451607782,8317886761
1451607783,10913269226
1451607783,7838910827
1451607783,7925434278
1451607783,8058388772
1451607783,8384105858
1451607783,8589506803
1451607784,11429160356
1451607784,6959169349
1451607784,7990755577
1451607784,8439063965
1451607784,8443652473
1451607785,12639889125
1451607785,6917018914
1451607785,7829905603
1451607785,8468264980
1451607786,11440145051
1451607786,11478344312
1451607786,6715209734
1451607786,7906766711
1451607786,8224085938
1451607786,8401422627
1451607787,12404122508
1451607787,6932953975
1451607787,8304454531
1451607787,8323782864
1451607788,11358302984
1451607788,11438971234
1451607788,8351670541
1451607789,11146459820
1451607789,11405702863
1451607789,8224085938
1451607789,8562460267
1451607790,6973633101
1451607790,8470945084
1451607791,11063760888
1451607791,6467830990
1451607792,6794018492
1451607792,8323406829
1451607792,8489066789
1451607793,12639889125
1451607793,8323406829
1451607794,10922483984
1451607794,8058388772
1451607794,8317886761
1451607795,6714934386
1451607795,6715209734
1451607795,8323406829
1451607795,8548998366
1451607796,10838014329
1451607796,6932953975
1451607796,7906766711
1451607796,8292007330
1451607797,11020915688
1451607797,8207715185
1451607798,6800832154
1451607799,6973633101
1451607799,8399653728
1451607800,6959169349
1451607800,8439063965
1451607801,12639889125
1451607801,8443652473
1451607802,10872567750
1451607802,6794350942
1451607802,8317886761
1451607802,8351670541